 -342
43 924
-875 300
421 -756
-282 -714
-90 349
112 3
6 -36
-25 165
557 -197   10
-516 34
-587 654
-322 468
43 924
141 -533
669 283
-338 531
398 -446
335 -757
654 28     201
-418 -670
-567 259
-453 700
266 -690
-533 756
272 50
533 756
-875 300
823 -369
103 168    30
-221 -93
111 -649
135 -643
288 621
-739 189
875 300    36
-313 -840
-158 603
-179 -434
390 -623   40
-749 -329
223 69
58 -484
286 -869
-756 314
-111 -58
-533 756
639 230
-707 -395
-54 426   50
-489 -553
-736 524
-540 328
-239 240
-875 300
533 756    56
875 300
424 40
-565 567
593 453
434 -208
-724 -346
441 -253
78 349
548 -223
43 924
-367 95
300 -735
574 -506
441 -741
533 756
-8 -474
-850 -117
-43 -924
257 -539
272 766
-486 -485
-504 174
-266 -666
447 -502
661 -444
-171 -454
207 -752
415 375
-173 -364
